coor    36
         1    0.00000E+00    0.00000E+00    0.00000E+00
         2    0.00000E+00    0.40000E+03    0.00000E+00
         3    0.40000E+03    0.00000E+00    0.00000E+00
         4    0.40000E+03    0.40000E+03    0.00000E+00
         5    0.00000E+00    0.80000E+03    0.00000E+00
         6    0.80000E+03    0.00000E+00    0.00000E+00
         7    0.40000E+03    0.80000E+03    0.00000E+00
         8    0.80000E+03    0.40000E+03    0.00000E+00
         9    0.80000E+03    0.80000E+03    0.00000E+00
        10    0.12000E+04    0.00000E+00    0.00000E+00
        11    0.00000E+00    0.12000E+04    0.00000E+00
        12    0.40000E+03    0.12000E+04    0.00000E+00
        13    0.12000E+04    0.40000E+03    0.00000E+00
        14    0.12000E+04    0.80000E+03    0.00000E+00
        15    0.80000E+03    0.12000E+04    0.00000E+00
        16    0.00000E+00    0.16000E+04    0.00000E+00
        17    0.16000E+04    0.00000E+00    0.00000E+00
        18    0.40000E+03    0.16000E+04    0.00000E+00
        19    0.16000E+04    0.40000E+03    0.00000E+00
        20    0.12000E+04    0.12000E+04    0.00000E+00
        21    0.16000E+04    0.80000E+03    0.00000E+00
        22    0.80000E+03    0.16000E+04    0.00000E+00
        23    0.12000E+04    0.16000E+04    0.00000E+00
        24    0.16000E+04    0.12000E+04    0.00000E+00
        25    0.20000E+04    0.00000E+00    0.00000E+00
        26    0.00000E+00    0.20000E+04    0.00000E+00
        27    0.40000E+03    0.20000E+04    0.00000E+00
        28    0.20000E+04    0.40000E+03    0.00000E+00
        29    0.20000E+04    0.80000E+03    0.00000E+00
        30    0.80000E+03    0.20000E+04    0.00000E+00
        31    0.16000E+04    0.16000E+04    0.00000E+00
        32    0.12000E+04    0.20000E+04    0.00000E+00
        33    0.20000E+04    0.12000E+04    0.00000E+00
        34    0.16000E+04    0.20000E+04    0.00000E+00
        35    0.20000E+04    0.16000E+04    0.00000E+00
        36    0.20000E+04    0.20000E+04    0.00000E+00
elem         25
         1         4        16        18        27        26
         2         4        11        12        18        16
         3         4         5         7        12        11
         4         4         2         4         7         5
         5         4         1         3         4         2
         6         4        18        22        30        27
         7         4        12        15        22        18
         8         4         7         9        15        12
         9         4         4         8         9         7
        10         4         3         6         8         4
        11         4        22        23        32        30
        12         4        15        20        23        22
        13         4         9        14        20        15
        14         4         8        13        14         9
        15         4         6        10        13         8
        16         4        23        31        34        32
        17         4        20        24        31        23
        18         4        14        21        24        20
        19         4        13        19        21        14
        20         4        10        17        19        13
        21         4        31        35        36        34
        22         4        24        33        35        31
        23         4        21        29        33        24
        24         4        19        28        29        21
        25         4        17        25        28        19
nosc  2
         1   0.00000E+000   0.00000E+000
         2   0.00000E+000   0.00000E+000
         3  -0.17113E-001  -0.14058E-001
         4  -0.53742E-002  -0.12249E-001
         5   0.00000E+000   0.00000E+000
         6  -0.27859E-001  -0.33715E-001
         7   0.88682E-003  -0.12379E-001
         8  -0.99527E-002  -0.32623E-001
         9   0.21858E-002  -0.32483E-001
        10  -0.33861E-001  -0.57987E-001
        11   0.00000E+000   0.00000E+000
        12   0.64068E-002  -0.12729E-001
        13  -0.12065E-001  -0.57623E-001
        14   0.41173E-002  -0.58057E-001
        15   0.12688E-001  -0.33155E-001
        16   0.00000E+000   0.00000E+000
        17  -0.35728E-001  -0.84863E-001
        18   0.12927E-001  -0.13452E-001
        19  -0.11464E-001  -0.85270E-001
        20   0.18522E-001  -0.59129E-001
        21   0.73176E-002  -0.86719E-001
        22   0.25474E-001  -0.34752E-001
        23   0.35432E-001  -0.60588E-001
        24   0.23578E-001  -0.88582E-001
        25  -0.34121E-001  -0.11307E+000
        26   0.00000E+000   0.00000E+000
        27   0.25719E-001  -0.16755E-001
        28  -0.86195E-002  -0.11363E+000
        29   0.12901E-001  -0.11561E+000
        30   0.44402E-001  -0.37386E-001
        31   0.42425E-001  -0.90266E-001
        32   0.58618E-001  -0.62687E-001
        33   0.28102E-001  -0.11955E+000
        34   0.68822E-001  -0.91560E-001
        35   0.46586E-001  -0.12244E+000
        36   0.74552E-001  -0.12538E+000
nvec 
         1   0.00000E+000   0.00000E+000   0.00000E+000
         2   0.00000E+000   0.00000E+000   0.00000E+000
         3  -0.17113E-001  -0.14058E-001   0.00000E+000
         4  -0.53742E-002  -0.12249E-001   0.00000E+000
         5   0.00000E+000   0.00000E+000   0.00000E+000
         6  -0.27859E-001  -0.33715E-001   0.00000E+000
         7   0.88682E-003  -0.12379E-001   0.00000E+000
         8  -0.99527E-002  -0.32623E-001   0.00000E+000
         9   0.21858E-002  -0.32483E-001   0.00000E+000
        10  -0.33861E-001  -0.57987E-001   0.00000E+000
        11   0.00000E+000   0.00000E+000   0.00000E+000
        12   0.64068E-002  -0.12729E-001   0.00000E+000
        13  -0.12065E-001  -0.57623E-001   0.00000E+000
        14   0.41173E-002  -0.58057E-001   0.00000E+000
        15   0.12688E-001  -0.33155E-001   0.00000E+000
        16   0.00000E+000   0.00000E+000   0.00000E+000
        17  -0.35728E-001  -0.84863E-001   0.00000E+000
        18   0.12927E-001  -0.13452E-001   0.00000E+000
        19  -0.11464E-001  -0.85270E-001   0.00000E+000
        20   0.18522E-001  -0.59129E-001   0.00000E+000
        21   0.73176E-002  -0.86719E-001   0.00000E+000
        22   0.25474E-001  -0.34752E-001   0.00000E+000
        23   0.35432E-001  -0.60588E-001   0.00000E+000
        24   0.23578E-001  -0.88582E-001   0.00000E+000
        25  -0.34121E-001  -0.11307E+000   0.00000E+000
        26   0.00000E+000   0.00000E+000   0.00000E+000
        27   0.25719E-001  -0.16755E-001   0.00000E+000
        28  -0.86195E-002  -0.11363E+000   0.00000E+000
        29   0.12901E-001  -0.11561E+000   0.00000E+000
        30   0.44402E-001  -0.37386E-001   0.00000E+000
        31   0.42425E-001  -0.90266E-001   0.00000E+000
        32   0.58618E-001  -0.62687E-001   0.00000E+000
        33   0.28102E-001  -0.11955E+000   0.00000E+000
        34   0.68822E-001  -0.91560E-001   0.00000E+000
        35   0.46586E-001  -0.12244E+000   0.00000E+000
        36   0.74552E-001  -0.12538E+000   0.00000E+000
end 
